3 3
0 0 -1 -1
0 1 12 -1
0 2 -1 -1
1 0 -1 9
1 2 -1 -1
2 0 -1 3
2 2 -1 -1

3 3
0 0 -1 -1
0 1 11 -1
0 2 3 -1
1 0 -1 3
2 0 -1 11

3 3
0 0 -1 -1
0 1 11 -1
0 2 5 -1
1 0 -1 13
2 0 1 3

3 3
0 0 -1 -1
0 1 17 -1
0 2 13 -1
1 0 -1 17
2 0 -1 16

3 3
0 0 -1 -1
0 1 14 -1
0 2 13 -1
1 0 -1 16
2 0 -1 11

3 3
0 0 -1 -1
0 1 13 -1
0 2 8 -1
1 0 -1 16
2 0 -1 5

4 4
0 0 -1 -1
0 1 16 -1
0 2 -1 -1
0 3 13 -1
1 0 -1 9
1 2 4 6
2 0 -1 12
3 0 -1 -1
3 1 -1 6

4 4
0 0 -1 -1
0 1 12 -1
0 2 -1 -1
0 3 7 -1
1 0 -1 8
1 2 13 5
2 0 -1 7
3 0 -1 12
3 3 -1 -1

4 4
0 0 -1 -1
0 1 -1 -1
0 2 7 -1
0 3 6 -1
1 0 -1 -1
1 1 4 4
2 0 -1 7
3 0 -1 6

4 4
0 0 -1 -1
0 1 -1 -1
0 2 6 -1
0 3 13 -1
1 0 -1 -1
1 1 3 5
2 0 -1 14
3 0 -1 3
3 3 -1 -1

4 4
0 0 -1 -1
0 1 12 -1
0 2 17 -1
0 3 -1 -1
1 0 -1 9
1 3 12 -1
2 0 -1 19
3 0 -1 5
3 2 -1 8

4 4
0 0 -1 -1
0 1 20 -1
0 2 7 -1
0 3 -1 -1
1 0 -1 16
1 3 16 -1
2 0 -1 5
2 2 8 7
3 0 -1 23

5 5
0 0 -1 -1
0 1 -1 -1
0 2 3 -1
0 3 16 -1
0 4 -1 -1
1 0 -1 -1
1 1 11 4
1 4 4 -1
2 0 -1 10
3 0 -1 8
3 2 5 9
4 0 -1 8
4 4 -1 -1

5 5
0 0 -1 -1
0 1 16 -1
0 2 -1 -1
0 3 5 -1
0 4 20 -1
1 0 -1 6
1 2 3 9
2 0 -1 8
2 3 17 8
3 0 -1 14
4 0 -1 -1
4 1 -1 -1
4 2 -1 16

5 5
0 0 -1 -1
0 1 -1 -1
0 2 5 -1
0 3 5 -1
0 4 19 -1
1 0 -1 -1
1 1 13 8
2 0 -1 7
2 2 4 13
3 0 -1 7
3 3 3 8
4 0 -1 6
4 4 -1 -1

5 5
0 0 -1 -1
0 1 13 -1
0 2 13 -1
0 3 -1 -1
0 4 -1 -1
1 0 -1 5
1 3 6 -1
1 4 -1 -1
2 0 -1 12
2 4 8 -1
3 0 -1 7
3 2 7 11
4 0 -1 12
4 4 -1 -1

5 5
0 0 -1 -1
0 1 25 -1
0 2 8 -1
0 3 -1 -1
0 4 7 -1
1 0 -1 15
1 3 10 4
2 0 -1 6
2 2 3 7
3 0 -1 10
4 0 -1 11
4 3 -1 -1
4 4 -1 -1
